8
9
8
9
5
5
9
9
9
1
9
9
9
9
9
5
5
9
8
9
8
9
9
8
0
8
9
9
9
1
1
9
7
8
0
9
8
8
9
8
0
8
9
9
6
8
9
9
9
9
9
1
9
9
6
9
2
8
9
9
8
8
0
0
8
9
5
9
9
9
9
9
9
5
8
9
8
9
9
8
0
3
5
9
8
9
9
1
1
1
9
9
8
5
3
0
9
9
0
0
8
3
9
1
1
8
5
8
9
0
9
9
9
9
1
5
4
1
1
8
9
4
9
1
9
9
0
0
1
5
8
9
9
9
1
9
8
8
9
5
1
9
9
0
9
8
9
0
8
8
3
9
9
9
8
9
9
9
3
8
8
0
8
0
9
8
9
0
0
1
8
3
9
9
9
9
1
9
1
9
9
9
3
8
1
0
9
8
0
9
0
8
9
8
3
5
5
9
9
1
9
9
5
3
8
0
0
0
9
8
8
9
9
9
9
1
9
9
9
9
9
5
8
9
0
9
0
9
8
9
2
9
5
5
9
6
1
9
9
9
9
9
9
8
6
5
9
9
2
9
2
8
8
0
8
2
9
5
9
8
7
9
9
9
9
9
9
8
9
5
9
2
8
8
0
8
8
9
8
0
8
9
2
9
9
9
9
9
9
9
9
9
9
9
9
5
2
9
8
9
8
8
9
8
9
9
7
5
8
9
9
9
9
9
5
9
7
9
8
9